2.60000000, 76.13000000, 1.26600000, 1.18273365, 0.71354327, 3.37941625, 0.08027956, 0.00000000
# array1
-1.59193848, 0.00000000, 0.00000000, 0.00000000, 0.00000000, -3.27628791, 1.66032479, 1.97046715
-1.34661167, 0.00000000, 0.00000000, 0.00000000, 0.00000000, 0.00000000, -3.08190918, -2.31551512
-2.66430226, 0.00000000, 0.00000000, 0.00000000, 0.00000000, 0.00000000, 0.00000000, 0.00000000
0.00000000, 0.00000000, 0.00000000, 0.00000000, 0.00000000, 0.00000000, 0.00000000, 0.00000000
0.00000000, 0.00000000, 0.00000000, 0.00000000, 0.00000000, 0.00000000, 0.00000000, 0.00000000
0.00000000, 0.00000000, 0.00000000, 0.00000000, 0.00000000, 0.00000000, 0.00000000, 0.00000000
0.00000000, 0.00000000, 0.00000000, 0.00000000, 0.00000000, 0.00000000, 0.00000000, 0.00000000
0.00000000, 0.00000000, 0.00000000, 0.00000000, 0.00000000, 0.00000000, 0.00000000, 0.00000000
0.00000000, 0.00000000, 0.00000000, 0.00000000, 0.00000000, 0.00000000, 0.00000000, 0.00000000
0.00000000, 0.00000000, 0.00000000, 0.00000000, 0.00000000, 0.00000000, 0.00000000, 0.00000000
0.00000000, 0.00000000, 0.00000000, 0.00000000, 0.00000000, 0.00000000, 0.00000000, 0.00000000
0.00000000, 0.00000000, 0.00000000, 0.00000000, 0.00000000, 0.00000000
# array2
0.97012484, 0.80000000, 0.80000000, 0.80000000, 0.80000000, 0.88983137, 1.00509586, 1.05601217
0.80228636, 0.80000000, 0.80000000, 0.80000000, 0.80000000, 0.80000000, 0.75808454, 0.60852409
0.92019709, 0.80000000, 0.80000000, 0.80000000, 0.80000000, 0.80000000, 0.80000000, 0.80000000
0.80000000, 0.80000000, 0.80000000, 0.80000000, 0.80000000, 0.80000000, 0.80000000, 0.80000000
0.80000000, 0.80000000, 0.80000000, 0.80000000, 0.80000000, 0.80000000, 0.80000000, 0.80000000
0.80000000, 0.80000000, 0.80000000, 0.80000000, 0.80000000, 0.80000000, 0.80000000, 0.80000000
0.80000000, 0.80000000, 0.80000000, 0.80000000, 0.80000000, 0.80000000, 0.80000000, 0.80000000
0.80000000, 0.80000000, 0.80000000, 0.80000000, 0.80000000, 0.80000000, 0.80000000, 0.80000000
0.80000000, 0.80000000, 0.80000000, 0.80000000, 0.80000000, 0.80000000, 0.80000000, 0.80000000
0.80000000, 0.80000000, 0.80000000, 0.80000000, 0.80000000, 0.80000000, 0.80000000, 0.80000000
0.80000000, 0.80000000, 0.80000000, 0.80000000, 0.80000000, 0.80000000, 0.80000000, 0.80000000
0.80000000, 0.80000000, 0.80000000, 0.80000000, 0.80000000, 0.80000000